User_ID_Alias,Movie_ID_Alias,Ratings_Rating
1,3417,4
1,2825,5
1,2794,5
1,2659,3
1,2529,2
1,2475,2
1,2401,4
1,2400,5
1,2399,5
1,2357,1
1,2338,2
1,2313,2
1,2291,3
1,2179,5
1,2143,2
1,2128,4
1,2127,5
1,2102,3
1,2078,4
1,2073,5
1,2065,4
1,2048,4
1,2044,3
1,1996,3
1,1994,4
1,1969,5
1,1954,2
1,1925,5
1,1915,3
1,1904,4
1,1849,2
1,1846,4
1,1845,4
1,1843,5
1,1842,1
1,1827,5
1,1790,2
1,1785,5
1,1783,3
1,1782,2
1,1746,5
1,1719,5
1,1717,2
1,1712,3
1,1711,2
1,1655,5
1,1649,3
1,1645,5
1,1633,4
1,1606,3
1,1564,4
1,1541,2
1,1530,5
1,1513,4
1,1485,5
1,1478,5
1,1476,2
1,1475,3
1,1466,5
1,1449,3
1,1448,4
1,1446,5
1,1440,4
1,1427,4
1,1411,4
1,1408,3
1,1404,3
1,1402,1
1,1401,3
1,1395,1
1,1390,3
1,1382,3
1,1381,5
1,1374,1
1,1368,4
1,1345,4
1,1332,5
1,1316,2
1,1311,3
1,1310,3
1,1306,3
1,1304,5
1,1261,5
1,1242,1
1,1237,2
1,1235,5
1,1226,2
1,1223,4
1,1220,3
1,1202,5
1,1190,4
1,1180,5
1,1173,4
1,1172,5
1,1169,1
1,1165,5
1,1143,4
1,1140,4
1,1139,1
1,1116,3
1,1115,5
1,1078,4
1,1070,4
1,1066,1
1,1055,1
1,1013,5
1,1007,5
1,1004,5
1,988,5
1,984,1
1,983,1
1,980,3
1,977,3
1,976,1
1,974,4
1,962,5
1,957,1
1,956,3
1,955,1
1,951,3
1,944,3
1,939,2
1,936,3
1,923,4
1,894,4
1,893,5
1,892,5
1,890,3
1,889,3
1,885,5
1,883,5
1,871,5
1,849,4
1,846,5
1,842,4
1,839,5
1,832,5
1,820,3
1,819,5
1,818,3
1,814,2
1,812,2
1,808,5
1,786,3
1,784,3
1,781,5
1,780,4
1,778,5
1,775,1
1,768,3
1,764,2
1,762,5
1,756,5
1,755,3
1,753,3
1,741,3
1,740,3
1,737,3
1,736,2
1,734,4
1,731,3
1,724,4
1,722,5
1,721,5
1,720,4
1,719,5
1,718,3
1,717,1
1,716,3
1,715,4
1,712,3
1,711,5
1,710,2
1,709,3
1,708,5
1,707,5
1,705,5
1,704,1
1,703,1
1,702,1
1,701,3
1,699,3
1,698,5
1,697,1
1,696,4
1,695,5
1,693,5
1,692,1
1,691,5
1,690,3
1,689,2
1,688,4
1,687,3
1,686,5
1,685,4
1,684,4
1,683,1
1,682,3
1,681,4
1,680,2
1,678,3
1,677,3
1,676,5
1,675,2
1,674,1
1,673,1
1,672,5
1,671,5
1,670,4
1,669,2
1,668,2
1,667,4
1,663,5
1,647,4
1,645,1
1,643,3
1,639,4
1,624,4
1,622,3
1,621,4
1,619,5
1,617,3
1,616,5
1,614,5
1,612,5
1,609,4
1,603,4
1,602,3
1,601,3
1,600,4
1,599,3
1,597,5
1,596,2
1,595,2
1,593,3
1,592,2
1,591,1
1,590,2
1,589,4
1,588,4
1,584,3
1,583,1
1,582,4
1,581,2
1,578,2
1,576,1
1,575,4
1,574,4
1,570,3
1,565,2
1,564,4
1,562,2
1,561,2
1,560,1
1,558,2
1,557,2
1,556,1
1,554,5
1,551,2
1,550,4
1,536,2
1,533,1
1,531,4
1,526,5
1,525,3
1,518,5
1,512,2
1,510,5
1,509,3
1,506,1
1,505,4
1,500,3
1,499,4
1,495,2
1,494,5
1,477,5
1,476,4
1,475,2
1,474,5
1,473,2
1,471,5
1,468,4
1,467,3
1,465,1
1,464,3
1,463,4
1,462,5
1,450,1
1,435,3
1,424,2
1,418,3
1,414,3
1,410,2
1,407,4
1,406,5
1,405,5
1,401,3
1,396,1
1,394,3
1,385,2
1,382,3
1,377,4
1,375,4
1,374,3
1,369,4
1,355,5
1,347,2
1,339,3
1,337,5
1,335,5
1,332,3
1,331,1
1,328,1
1,327,3
1,326,4
1,324,4
1,314,5
1,313,5
1,311,3
1,310,5
1,308,5
1,307,3
1,305,5
1,292,4
1,289,5
1,287,4
1,286,2
1,282,5
1,274,3
1,273,3
1,272,4
1,271,4
1,270,4
1,269,2
1,267,5
1,264,4
1,262,5
1,261,3
1,259,3
1,254,4
1,245,4
1,243,4
1,238,1
1,236,2
1,232,4
1,213,1
1,208,5
1,191,2
1,189,5
1,187,1
1,176,4
1,169,5
1,151,5
1,145,3
1,144,5
1,140,5
1,131,5
1,125,3
1,117,4
1,111,3
1,107,3
1,102,4
1,101,3
1,100,5
1,91,4
1,87,5
1,79,5
1,74,3
1,68,4
1,65,4
1,60,5
1,57,3
1,55,2
1,50,5
1,48,1
1,46,5
1,45,5
1,42,2
1,40,3
1,39,4
1,38,2
1,31,1
1,28,4
1,17,5
1,15,4
1,12,2
1,9,2
1,8,4
1,7,1
1,6,4
1,5,1
1,4,5
1,3,3
1,2,4
1,1,4
2,3274,4
2,3220,4
2,3177,3
2,3151,5
2,3122,4
2,3012,3
2,2966,3
2,2913,2
2,2889,5
2,2876,5
2,2873,2
2,2870,1
2,2860,4
2,2853,1
2,2815,3
2,2760,4
2,2755,4
2,2724,3
2,2716,3
2,2691,3
2,2681,5
2,2666,4
2,2621,4
2,2595,1
2,2553,1
2,2547,3
2,2527,3
2,2520,2
2,2508,3
2,2507,3
2,2496,3
2,2489,4
2,2486,3
2,2485,3
2,2483,2
2,2470,4
2,2462,4
2,2460,3
2,2450,5
2,2418,4
2,2404,1
2,2386,1
2,2381,4
2,2372,3
2,2366,4
2,2354,4
2,2350,3
2,2317,4
2,2314,3
2,2313,3
2,2312,2
2,2307,4
2,2306,2
2,2296,4
2,2250,4
2,2234,4
2,2232,3
2,2224,4
2,2218,4
2,2214,4
2,2199,4
2,2193,3
2,2183,2
2,2175,4
2,2159,3
2,2144,4
2,2121,5
2,2119,4
2,2118,4
2,2099,3
2,2097,1
2,2073,4
2,2066,3
2,2042,2
2,2036,4
2,2035,4
2,2021,4
2,2019,5
2,2017,3
2,2014,2
2,2012,2
2,2011,4
2,2010,5
2,1994,4
2,1990,3
2,1982,3
2,1968,5
2,1949,3
2,1948,3
2,1937,4
2,1934,3
2,1920,4
2,1919,5
2,1900,5
2,1899,4
2,1896,4
2,1886,4
2,1879,3
2,1874,4
2,1851,4
2,1844,4
2,1833,4
2,1827,4
2,1826,4
2,1824,4
2,1822,2
2,1821,4
2,1817,3
2,1810,3
2,1805,3
2,1793,4
2,1786,4
2,1785,5
2,1772,3
2,1768,4
2,1764,1
2,1761,3
2,1747,5
2,1745,4
2,1741,4
2,1737,3
2,1727,4
2,1720,5
2,1719,4
2,1713,4
2,1698,5
2,1689,5
2,1688,3
2,1687,3
2,1685,3
2,1677,3
2,1662,4
2,1652,3
2,1651,4
2,1649,4
2,1644,3
2,1642,4
2,1641,4
2,1638,1
2,1634,3
2,1633,5
2,1625,2
2,1620,4
2,1606,3
2,1604,4
2,1596,1
2,1595,4
2,1594,4
2,1592,3
2,1591,4
2,1586,5
2,1583,3
2,1581,2
2,1579,2
2,1575,4
2,1573,2
2,1571,4
2,1565,4
2,1564,4
2,1561,2
2,1559,4
2,1556,4
2,1554,2
2,1552,2
2,1534,3
2,1533,3
2,1530,5
2,1518,4
2,1516,3
2,1515,3
2,1514,4
2,1513,2
2,1511,4
2,1506,5
2,1496,5
2,1485,5
2,1479,5
2,1476,2
2,1475,3
2,1474,4
2,1473,4
2,1470,2
2,1467,2
2,1466,3
2,1465,4
2,1464,4
2,1459,3
2,1449,3
2,1448,3
2,1446,5
2,1442,3
2,1440,5
2,1435,3
2,1432,4
2,1423,5
2,1419,4
2,1406,3
2,1404,4
2,1400,5
2,1390,3
2,1387,4
2,1383,4
2,1381,4
2,1380,5
2,1378,5
2,1377,4
2,1376,4
2,1374,5
2,1373,5
2,1371,5
2,1368,4
2,1367,5
2,1366,3
2,1362,4
2,1361,4
2,1359,3
2,1358,4
2,1347,4
2,1344,5
2,1342,5
2,1333,3
2,1332,5
2,1331,4
2,1330,4
2,1324,4
2,1316,5
2,1307,3
2,1304,5
2,1299,4
2,1293,4
2,1280,4
2,1271,5
2,1254,3
2,1249,2
2,1243,4
2,1241,4
2,1237,4
2,1236,2
2,1226,3
2,1220,4
2,1215,4
2,1214,5
2,1202,5
2,1198,2
2,1184,5
2,1180,5
2,1177,4
2,1176,3
2,1174,3
2,1173,4
2,1172,5
2,1169,4
2,1167,1
2,1164,4
2,1156,4
2,1153,5
2,1148,4
2,1139,4
2,1134,3
2,1128,3
2,1116,2
2,1110,5
2,1092,4
2,1073,4
2,1041,5
2,1037,5
2,1036,5
2,1031,4
2,1027,4
2,1020,4
2,1007,4
2,1006,3
2,1000,2
2,990,4
2,988,5
2,984,5
2,983,4
2,980,4
2,976,3
2,972,2
2,971,4
2,970,4
2,967,3
2,963,4
2,961,3
2,959,4
2,956,4
2,955,3
2,951,3
2,947,4
2,946,4
2,942,4
2,941,2
2,937,4
2,936,5
2,935,3
2,932,5
2,929,3
2,928,4
2,924,4
2,923,4
2,917,5
2,914,5
2,907,4
2,904,3
2,900,3
2,898,4
2,897,3
2,896,5
2,894,4
2,893,4
2,890,5
2,884,4
2,883,4
2,879,5
2,875,3
2,871,5
2,869,4
2,855,1
2,842,3
2,839,5
2,834,5
2,832,5
2,830,2
2,829,5
2,827,2
2,824,5
2,820,4
2,819,5
2,818,5
2,816,4
2,814,5
2,812,4
2,811,3
2,809,4
2,808,5
2,807,3
2,806,4
2,805,5
2,803,4
2,802,5
2,801,4
2,795,4
2,794,4
2,790,4
2,788,5
2,786,5
2,783,5
2,782,4
2,781,5
2,780,5
2,776,4
2,775,5
2,771,4
2,770,4
2,769,5
2,768,5
2,764,5
2,763,5
2,762,4
2,761,3
2,760,3
2,757,5
2,756,5
2,751,4
2,750,4
2,748,4
2,744,5
2,742,5
2,741,5
2,740,5
2,737,4
2,736,4
2,734,4
2,731,3
2,730,5
2,729,4
2,725,4
2,724,4
2,716,4
2,707,4
2,705,5
2,701,5
2,699,5
2,698,4
2,697,4
2,696,5
2,693,5
2,690,4
2,684,5
2,682,4
2,678,4
2,675,4
2,673,5
2,670,4
2,665,3
2,663,5
2,661,5
2,653,2
2,650,4
2,647,5
2,646,4
2,643,2
2,640,5
2,639,5
2,635,2
2,632,5
2,630,4
2,627,3
2,624,4
2,622,4
2,621,4
2,619,5
2,617,4
2,616,5
2,614,4
2,612,4
2,609,5
2,604,5
2,603,4
2,599,4
2,596,4
2,592,2
2,591,2
2,590,3
2,589,4
2,588,4
2,582,4
2,581,4
2,578,4
2,575,2
2,574,4
2,573,3
2,572,2
2,570,3
2,565,1
2,564,2
2,561,2
2,550,4
2,549,3
2,546,4
2,537,4
2,535,4
2,533,5
2,529,4
2,527,4
2,526,5
2,519,4
2,518,5
2,517,4
2,515,4
2,514,4
2,513,5
2,512,5
2,510,5
2,509,3
2,506,5
2,503,2
2,500,4
2,495,4
2,494,3
2,488,4
2,487,4
2,477,5
2,476,4
2,475,5
2,468,4
2,467,4
2,466,4
2,465,5
2,464,5
2,463,5
2,462,5
2,454,5
2,447,5
2,439,3
2,435,5
2,429,5
2,419,4
2,418,3
2,411,1
2,410,4
2,408,5
2,407,5
2,406,5
2,405,4
2,402,5
2,401,4
2,400,3
2,398,4
2,397,5
2,396,5
2,395,5
2,394,4
2,392,4
2,390,4
2,386,4
2,385,4
2,383,4
2,377,5
2,376,5
2,375,4
2,374,4
2,371,4
2,369,4
2,355,4
2,350,3
2,349,5
2,339,5
2,336,4
2,335,5
2,333,3
2,332,4
2,331,4
2,330,3
2,329,3
2,328,4
2,327,4
2,326,5
2,324,4
2,314,4
2,313,5
2,311,4
2,310,5
2,305,5
2,298,5
2,292,4
2,291,4
2,289,4
2,287,5
2,285,5
2,282,4
2,281,4
2,275,4
2,274,5
2,272,3
2,271,4
2,270,4
2,269,4
2,267,5
2,266,5
2,265,4
2,263,5
2,262,4
2,261,4
2,259,5
2,254,4
2,245,3
2,240,5
2,238,5
2,236,4
2,235,4
2,232,4
2,231,4
2,230,5
2,224,1
2,218,5
2,215,5
2,210,4
2,209,1
2,208,5
2,206,5
2,204,4
2,200,4
2,198,4
2,194,5
2,191,5
2,187,5
2,184,4
2,182,3
2,181,5
2,180,5
2,178,4
2,176,4
2,174,5
2,173,4
2,168,4
2,165,5
2,164,5
2,162,4
2,156,3
2,152,4
2,151,5
2,145,3
2,143,4
2,141,4
2,140,5
2,137,5
2,133,4
2,130,4
2,129,3
2,119,2
2,114,1
2,112,5
2,111,3
2,108,4
2,107,3
2,102,3
2,101,5
2,95,4
2,93,3
2,91,4
2,84,3
2,82,2
2,80,4
2,79,5
2,76,4
2,74,4
2,68,5
2,66,4
2,65,5
2,61,3
2,53,5
2,48,3
2,46,5
2,45,2
2,42,4
2,40,4
2,32,5
2,31,4
2,30,4
2,29,4
2,28,5
2,24,4
2,23,4
2,19,4
2,18,4
2,17,4
2,15,4
2,12,3
2,9,4
2,6,3
2,4,5
2,1,4
3,3359,5
3,3221,2
3,3208,5
3,3162,5
3,3054,5
3,2981,3
3,2959,3
3,2926,3
3,2907,4
3,2881,5
3,2864,4
3,2860,4
3,2830,4
3,2789,4
3,2753,4
3,2681,5
3,2678,5
3,2661,5
3,2660,5
3,2632,5
3,2613,5
3,2611,5
3,2597,5
3,2581,3
3,2536,5
3,2474,4
3,2472,5
3,2471,5
3,2470,4
3,2400,5
3,2384,5
3,2383,5
3,2382,5
3,2292,5
3,2269,3
3,2248,5
3,2223,4
3,2220,4
3,2218,4
3,2210,5
3,2206,5
3,2182,5
3,2175,5
3,2158,3
3,2140,4
3,2137,5
3,2121,5
3,2119,5
3,2107,2
3,2086,3
3,2076,5
3,2043,5
3,2018,3
3,2017,3
3,1997,5
3,1996,5
3,1995,4
3,1994,5
3,1970,5
3,1968,2
3,1952,5
3,1949,3
3,1944,3
3,1941,5
3,1925,5
3,1923,5
3,1920,4
3,1918,5
3,1899,4
3,1898,4
3,1875,4
3,1874,4
3,1871,5
3,1867,4
3,1860,3
3,1845,3
3,1836,5
3,1828,5
3,1827,5
3,1811,5
3,1792,4
3,1791,3
3,1782,5
3,1755,5
3,1745,5
3,1712,5
3,1710,1
3,1708,4
3,1706,3
3,1705,5
3,1704,3
3,1702,5
3,1694,4
3,1663,3
3,1656,5
3,1655,5
3,1649,5
3,1633,5
3,1630,5
3,1628,2
3,1610,1
3,1591,4
3,1586,3
3,1578,2
3,1541,5
3,1533,2
3,1530,5
3,1508,1
3,1485,3
3,1480,5
3,1477,5
3,1476,5
3,1475,5
3,1473,4
3,1470,2
3,1466,5
3,1461,4
3,1459,5
3,1458,5
3,1457,4
3,1455,4
3,1454,4
3,1451,4
3,1449,4
3,1446,5
3,1445,4
3,1442,2
3,1441,4
3,1439,5
3,1436,5
3,1434,5
3,1429,5
3,1428,5
3,1427,4
3,1421,5
3,1420,5
3,1414,5
3,1411,5
3,1410,5
3,1405,5
3,1404,5
3,1403,5
3,1401,5
3,1398,4
3,1383,3
3,1374,4
3,1371,4
3,1361,4
3,1359,3
3,1350,5
3,1344,4
3,1338,2
3,1332,5
3,1324,3
3,1304,3
3,1300,5
3,1268,1
3,1267,4
3,1237,4
3,1235,5
3,1234,5
3,1220,3
3,1215,5
3,1202,4
3,1184,5
3,1172,3
3,1169,4
3,1165,5
3,1164,4
3,1156,5
3,1154,2
3,1146,2
3,1131,5
3,1093,5
3,1088,2
3,1086,2
3,1084,4
3,1041,4
3,1040,4
3,1039,5
3,1035,5
3,1034,5
3,1027,3
3,1007,4
3,1003,4
3,1000,5
3,999,5
3,997,5
3,996,4
3,988,5
3,977,4
3,962,4
3,954,5
3,939,4
3,925,5
3,919,4
3,910,4
3,906,4
3,893,3
3,890,4
3,887,1
3,884,3
3,880,4
3,877,5
3,872,5
3,868,5
3,861,4
3,852,5
3,851,5
3,849,5
3,845,5
3,843,5
3,839,5
3,834,5
3,832,4
3,812,4
3,785,5
3,784,5
3,781,4
3,780,3
3,775,3
3,771,5
3,764,5
3,760,3
3,758,5
3,756,5
3,742,5
3,730,5
3,718,5
3,716,3
3,711,5
3,703,5
3,696,4
3,688,5
3,687,3
3,681,5
3,674,3
3,664,5
3,656,4
3,654,5
3,653,3
3,647,5
3,646,5
3,643,4
3,640,4
3,634,5
3,628,3
3,624,4
3,622,5
3,621,5
3,619,5
3,617,5
3,616,4
3,615,5
3,610,1
3,609,5
3,584,3
3,581,4
3,578,3
3,564,5
3,554,4
3,549,5
3,535,3
3,529,3
3,526,4
3,522,4
3,518,4
3,517,3
3,510,5
3,476,5
3,473,5
3,467,5
3,460,5
3,448,4
3,447,5
3,429,5
3,408,5
3,405,5
3,401,5
3,398,4
3,390,4
3,382,4
3,378,4
3,377,5
3,374,5
3,364,4
3,349,4
3,339,5
3,334,4
3,333,3
3,326,5
3,325,4
3,324,5
3,319,4
3,314,5
3,313,5
3,312,5
3,311,5
3,310,5
3,309,5
3,307,5
3,305,3
3,304,5
3,303,5
3,302,5
3,298,5
3,289,5
3,286,4
3,285,5
3,284,5
3,282,4
3,274,5
3,270,5
3,264,4
3,263,5
3,262,4
3,261,4
3,258,5
3,253,3
3,250,4
3,248,5
3,222,3
3,208,4
3,198,4
3,182,4
3,176,4
3,170,3
3,143,2
3,131,4
3,123,3
3,93,4
3,74,1
3,72,5
3,71,5
3,65,5
3,61,2
3,54,5
3,53,3
3,50,3
3,42,5
3,35,5
3,33,5
3,29,5
3,24,5
3,23,5
3,15,4
3,14,3
3,12,5
3,11,5
3,10,4
4,3249,4
4,3184,3
4,3054,5
4,2746,3
4,2667,3
4,2604,5
4,2536,5
4,2477,5
4,2417,5
4,2404,2
4,2332,5
4,2278,4
4,2244,4
4,2075,5
4,2061,4
4,1984,3
4,1949,4
4,1946,3
4,1937,4
4,1915,4
4,1905,5
4,1904,5
4,1772,3
4,1769,3
4,1768,5
4,1765,5
4,1757,4
4,1747,4
4,1717,4
4,1677,4
4,1623,4
4,1594,4
4,1591,4
4,1581,1
4,1571,4
4,1553,3
4,1485,4
4,1465,3
4,1446,4
4,1399,5
4,1395,4
4,1390,4
4,1347,5
4,1345,5
4,1342,4
4,1332,4
4,1320,4
4,1316,4
4,1311,5
4,1310,4
4,1227,5
4,1221,4
4,1190,5
4,1185,5
4,1163,5
4,1156,4
4,1155,5
4,1148,4
4,1147,2
4,1140,4
4,1139,5
4,1127,5
4,1126,5
4,1105,4
4,1080,4
4,1072,4
4,1065,5
4,1052,3
4,1039,5
4,1022,3
4,1013,4
4,991,3
4,990,3
4,974,4
4,970,3
4,963,4
4,959,2
4,957,4
4,956,3
4,948,3
4,947,3
4,937,3
4,936,2
4,935,3
4,932,2
4,925,4
4,918,3
4,896,3
4,894,4
4,893,4
4,883,4
4,842,4
4,839,5
4,834,4
4,833,4
4,832,4
4,824,3
4,820,5
4,819,5
4,818,3
4,814,4
4,812,4
4,798,1
4,795,4
4,794,3
4,786,4
4,781,4
4,777,5
4,776,4
4,775,5
4,772,3
4,769,3
4,768,5
4,764,4
4,757,4
4,747,4
4,744,5
4,742,3
4,730,5
4,729,4
4,710,4
4,707,4
4,696,5
4,695,5
4,692,4
4,682,4
4,676,3
4,675,4
4,668,5
4,662,5
4,640,4
4,639,4
4,635,3
4,634,3
4,619,5
4,616,5
4,614,4
4,612,5
4,609,4
4,602,4
4,600,3
4,599,3
4,596,1
4,595,3
4,593,3
4,592,1
4,587,4
4,562,4
4,551,4
4,538,5
4,524,3
4,522,5
4,515,4
4,512,4
4,506,4
4,502,3
4,500,5
4,499,3
4,495,2
4,494,4
4,491,4
4,490,5
4,485,4
4,483,4
4,478,4
4,477,5
4,475,5
4,473,4
4,468,4
4,467,5
4,466,2
4,465,4
4,464,4
4,463,5
4,462,2
4,410,3
4,408,4
4,407,4
4,406,5
4,405,4
4,404,4
4,398,4
4,397,5
4,396,5
4,395,5
4,394,3
4,390,3
4,388,5
4,387,4
4,375,5
4,357,3
4,355,5
4,354,4
4,339,4
4,336,4
4,335,4
4,327,5
4,310,5
4,308,5
4,292,3
4,287,4
4,282,4
4,274,5
4,273,3
4,271,5
4,270,3
4,267,5
4,261,4
4,259,5
4,255,5
4,254,5
4,253,4
4,246,3
4,236,3
4,232,4
4,230,4
4,225,5
4,210,4
4,206,4
4,199,3
4,194,3
4,191,3
4,187,3
4,180,3
4,165,3
4,153,4
4,145,1
4,144,4
4,140,4
4,128,4
4,101,4
4,74,3
4,68,5
4,66,4
4,65,4
4,51,4
4,41,4
4,40,5
4,30,4
4,24,3
4,23,4
4,18,5
4,17,4
4,15,4
4,12,4
5,3068,4
5,2621,5
5,2479,4
5,2452,3
5,2418,5
5,2397,2
5,2299,4
5,2242,4
5,2240,4
5,2218,4
5,2202,3
5,2130,2
5,2115,5
5,2041,4
5,2018,5
5,2017,5
5,1994,4
5,1946,1
5,1860,2
5,1851,3
5,1846,4
5,1845,4
5,1826,4
5,1823,4
5,1802,4
5,1769,4
5,1758,5
5,1743,4
5,1723,5
5,1719,3
5,1687,5
5,1677,3
5,1665,4
5,1625,3
5,1596,2
5,1591,3
5,1571,4
5,1564,3
5,1560,2
5,1535,4
5,1518,3
5,1516,4
5,1514,4
5,1513,4
5,1511,3
5,1502,4
5,1483,5
5,1476,1
5,1446,2
5,1419,4
5,1380,4
5,1378,5
5,1377,4
5,1352,4
5,1341,3
5,1337,4
5,1316,3
5,1283,4
5,1241,4
5,1237,4
5,1221,3
5,1211,5
5,1202,5
5,1195,2
5,1173,5
5,1172,3
5,1166,3
5,1156,4
5,1153,2
5,1147,2
5,1092,4
5,1077,4
5,1070,3
5,1067,4
5,1053,1
5,1043,2
5,1041,4
5,991,3
5,973,4
5,969,3
5,967,4
5,959,3
5,952,1
5,947,4
5,937,4
5,924,3
5,918,3
5,907,4
5,896,4
5,893,4
5,883,4
5,829,5
5,827,3
5,826,4
5,823,5
5,821,5
5,819,5
5,816,5
5,807,4
5,805,5
5,804,4
5,794,3
5,788,4
5,786,2
5,770,4
5,769,3
5,764,4
5,761,4
5,757,5
5,752,5
5,742,4
5,732,4
5,731,5
5,725,5
5,724,5
5,720,4
5,716,5
5,705,5
5,695,5
5,690,5
5,653,3
5,634,5
5,632,4
5,630,3
5,628,3
5,622,4
5,621,4
5,619,5
5,616,5
5,613,5
5,610,3
5,609,4
5,599,2
5,596,4
5,584,3
5,582,3
5,581,4
5,578,4
5,576,3
5,570,5
5,565,4
5,562,4
5,550,3
5,540,3
5,529,4
5,522,4
5,518,4
5,517,4
5,514,4
5,502,5
5,478,5
5,477,5
5,462,4
5,459,3
5,423,5
5,422,3
5,410,4
5,408,5
5,407,4
5,402,4
5,401,4
5,400,4
5,399,4
5,398,4
5,395,5
5,394,5
5,391,3
5,390,4
5,387,5
5,385,5
5,383,4
5,375,5
5,373,5
5,370,3
5,363,5
5,361,2
5,359,5
5,357,3
5,355,4
5,350,4
5,348,4
5,336,5
5,335,5
5,314,3
5,313,4
5,310,5
5,305,1
5,292,4
5,289,4
5,288,3
5,287,5
5,282,5
5,273,3
5,271,4
5,270,4
5,269,2
5,266,5
5,265,4
5,262,4
5,261,3
5,240,4
5,238,5
5,232,4
5,230,4
5,218,3
5,210,3
5,208,2
5,206,4
5,205,5
5,187,4
5,186,3
5,173,4
5,170,4
5,126,5
5,114,4
5,108,5
5,104,4
5,98,3
5,93,5
5,87,2
5,83,4
5,79,4
5,76,4
5,74,4
5,73,4
5,55,3
5,54,5
5,40,3
5,36,3
5,24,3
5,22,1
5,19,5
5,18,5
5,17,3
5,10,5
5,6,4
6,2996,3
6,2889,1
6,2870,3
6,2746,2
6,2691,4
6,2660,4
6,2606,1
6,2595,3
6,2559,3
6,2558,3
6,2536,4
6,2486,2
6,2485,3
6,2462,3
6,2427,2
6,2424,3
6,2360,4
6,2350,2
6,2340,4
6,2307,3
6,2302,3
6,2296,4
6,2259,5
6,2250,3
6,2218,4
6,2214,2
6,2199,2
6,2197,1
6,2193,3
6,2171,3
6,2166,3
6,2128,3
6,2119,4
6,2115,5
6,2101,2
6,2084,3
6,2065,4
6,2062,3
6,2042,3
6,2040,3
6,2023,2
6,2021,4
6,2018,3
6,2017,1
6,2014,3
6,2010,3
6,1970,4
6,1954,4
6,1952,3
6,1916,5
6,1898,4
6,1897,4
6,1892,3
6,1883,3
6,1845,4
6,1840,4
6,1826,3
6,1822,3
6,1811,4
6,1804,4
6,1797,4
6,1793,3
6,1785,4
6,1780,4
6,1779,4
6,1772,3
6,1768,4
6,1758,3
6,1755,3
6,1745,3
6,1737,4
6,1729,3
6,1726,3
6,1725,3
6,1723,4
6,1719,3
6,1708,4
6,1698,3
6,1687,3
6,1677,3
6,1658,2
6,1641,2
6,1635,3
6,1621,2
6,1615,1
6,1611,4
6,1605,3
6,1595,2
6,1594,3
6,1593,4
6,1592,1
6,1591,4
6,1586,3
6,1583,3
6,1581,1
6,1573,2
6,1571,2
6,1564,3
6,1562,3
6,1560,3
6,1557,4
6,1546,2
6,1541,3
6,1532,3
6,1516,4
6,1515,3
6,1514,3
6,1513,2
6,1512,3
6,1506,3
6,1496,4
6,1479,3
6,1476,4
6,1474,3
6,1473,3
6,1471,3
6,1458,5
6,1451,4
6,1446,3
6,1442,3
6,1435,4
6,1429,5
6,1419,5
6,1404,4
6,1399,4
6,1390,3
6,1382,4
6,1381,4
6,1380,4
6,1378,4
6,1376,4
6,1374,3
6,1369,4
6,1368,4
6,1367,3
6,1362,3
6,1361,4
6,1357,3
6,1353,4
6,1344,3
6,1341,1
6,1332,4
6,1324,3
6,1323,5
6,1311,4
6,1306,3
6,1304,4
6,1253,4
6,1249,3
6,1241,4
6,1239,4
6,1237,5
6,1236,3
6,1230,3
6,1225,4
6,1221,4
6,1215,3
6,1211,4
6,1202,4
6,1198,2
6,1189,5
6,1179,3
6,1177,3
6,1176,4
6,1175,3
6,1173,4
6,1170,4
6,1167,1
6,1156,4
6,1153,3
6,1149,3
6,1148,2
6,1140,3
6,1139,4
6,1133,3
6,1125,4
6,1113,3
6,1105,3
6,1100,3
6,1082,2
6,1075,4
6,1072,3
6,1067,3
6,1056,2
6,1041,5
6,1039,4
6,1037,3
6,1031,5
6,1029,3
6,1022,4
6,1020,4
6,1017,3
6,1013,5
6,1010,3
6,1007,4
6,1006,3
6,1004,4
6,1003,3
6,999,4
6,990,3
6,988,4
6,985,5
6,983,3
6,979,3
6,976,2
6,974,3
6,969,4
6,957,3
6,954,4
6,952,3
6,951,4
6,949,3
6,947,3
6,946,3
6,936,4
6,935,3
6,932,4
6,930,3
6,929,3
6,926,3
6,914,2
6,907,2
6,894,4
6,893,4
6,892,3
6,885,4
6,883,4
6,872,3
6,871,4
6,864,3
6,855,2
6,842,2
6,840,3
6,839,4
6,835,3
6,834,3
6,833,4
6,832,5
6,830,1
6,829,4
6,825,3
6,824,3
6,822,1
6,820,4
6,819,5
6,818,4
6,816,4
6,814,3
6,812,4
6,809,4
6,807,4
6,806,3
6,805,2
6,801,4
6,795,3
6,793,3
6,786,3
6,784,4
6,783,4
6,782,4
6,781,3
6,780,4
6,776,3
6,775,5
6,774,3
6,772,5
6,771,4
6,769,4
6,768,3
6,764,4
6,763,4
6,762,4
6,761,4
6,757,5
6,756,4
6,755,5
6,754,4
6,753,4
6,752,4
6,750,5
6,747,4
6,745,2
6,742,3
6,740,3
6,737,4
6,736,4
6,734,5
6,733,4
6,732,2
6,731,4
6,730,4
6,729,3
6,724,3
6,716,3
6,715,4
6,710,4
6,707,4
6,701,4
6,699,4
6,697,4
6,696,4
6,693,4
6,692,3
6,690,5
6,684,2
6,682,4
6,678,3
6,674,2
6,673,4
6,672,3
6,670,3
6,669,4
6,668,1
6,664,4
6,650,3
6,643,4
6,639,4
6,632,2
6,630,3
6,624,4
6,622,5
6,621,4
6,619,5
6,617,4
6,616,5
6,614,4
6,612,4
6,611,4
6,609,4
6,602,3
6,599,2
6,595,4
6,589,4
6,585,2
6,581,3
6,575,2
6,574,2
6,573,2
6,566,4
6,549,4
6,546,3
6,537,4
6,535,5
6,533,3
6,529,4
6,526,4
6,520,3
6,519,4
6,518,3
6,509,3
6,507,4
6,505,2
6,502,4
6,500,5
6,499,1
6,495,3
6,494,4
6,488,3
6,487,3
6,486,5
6,484,5
6,483,5
6,482,5
6,481,4
6,478,3
6,475,4
6,473,4
6,468,5
6,467,4
6,466,4
6,465,3
6,464,5
6,463,4
6,462,4
6,459,3
6,457,4
6,452,4
6,451,3
6,447,3
6,435,4
6,433,3
6,430,3
6,429,4
6,428,3
6,410,4
6,407,3
6,406,5
6,405,4
6,404,4
6,402,3
6,401,5
6,400,2
6,399,3
6,398,4
6,396,4
6,395,4
6,394,3
6,387,2
6,386,3
6,385,4
6,377,5
6,376,5
6,375,5
6,373,4
6,369,3
6,365,2
6,363,3
6,362,3
6,357,4
6,356,3
6,355,4
6,350,3
6,349,4
6,348,3
6,347,5
6,339,5
6,336,4
6,335,5
6,332,3
6,327,3
6,326,4
6,324,4
6,314,4
6,313,5
6,311,4
6,310,5
6,309,4
6,308,5
6,305,3
6,304,5
6,296,4
6,289,4
6,287,4
6,286,4
6,285,4
6,284,4
6,283,3
6,282,4
6,281,4
6,271,4
6,270,4
6,269,5
6,267,5
6,266,2
6,264,5
6,263,4
6,262,5
6,261,4
6,255,3
6,253,3
6,250,3
6,243,3
6,238,2
6,232,4
6,231,3
6,230,4
6,228,4
6,225,4
6,210,4
6,205,4
6,203,3
6,202,3
6,201,4
6,191,4
6,187,3
6,182,2
6,181,5
6,180,3
6,178,4
6,176,3
6,174,4
6,173,3
6,172,2
6,169,4
6,164,3
6,162,3
6,156,3
6,152,4
6,151,3
6,144,2
6,143,3
6,141,4
6,131,3
6,128,4
6,125,4
6,118,3
6,114,3
6,102,2
6,101,4
6,96,1
6,87,3
6,83,3
6,80,3
6,79,4
6,76,4
6,75,3
6,72,4
6,66,2
6,65,5
6,61,4
6,60,5
6,46,4
6,42,3
6,40,4
6,36,4
6,31,4
6,30,4
6,24,4
6,23,4
6,22,4
6,20,4
6,19,3
6,18,4
6,17,4
6,14,3
6,10,5
6,2,3
7,3385,1
7,3310,2
7,2924,3
7,2856,3
7,2768,2
7,2657,2
7,2610,4
7,2565,1
7,2556,3
7,2547,3
7,2503,2
7,2481,2
7,2424,2
7,2402,3
7,2399,3
7,2367,3
7,2353,2
7,2291,3
7,2259,4
7,2250,4
7,2239,2
7,2232,3
7,2218,3
7,2210,4
7,2167,2
7,2163,2
7,2141,5
7,2115,3
7,2073,4
7,2041,2
7,2035,1
7,2018,1
7,2014,3
7,1964,2
7,1953,3
7,1949,2
7,1940,1
7,1918,4
7,1900,4
7,1857,4
7,1854,5
7,1851,3
7,1845,1
7,1840,5
7,1836,3
7,1834,2
7,1798,3
7,1758,5
7,1747,4
7,1745,3
7,1730,3
7,1725,1
7,1713,3
7,1711,4
7,1710,4
7,1694,4
7,1662,2
7,1642,3
7,1633,3
7,1607,3
7,1606,4
7,1605,3
7,1591,2
7,1557,4
7,1516,3
7,1515,2
7,1514,1
7,1480,2
7,1477,5
7,1476,3
7,1475,4
7,1473,2
7,1470,1
7,1465,3
7,1457,4
7,1451,4
7,1442,1
7,1440,5
7,1439,4
7,1435,4
7,1429,5
7,1423,2
7,1419,4
7,1414,4
7,1413,4
7,1408,4
7,1404,3
7,1403,2
7,1396,3
7,1393,3
7,1390,5
7,1385,2
7,1382,4
7,1380,5
7,1378,3
7,1377,1
7,1376,2
7,1375,2
7,1371,4
7,1368,3
7,1367,4
7,1366,4
7,1364,4
7,1361,2
7,1350,2
7,1344,1
7,1332,5
7,1317,4
7,1304,2
7,1295,4
7,1291,4
7,1255,4
7,1241,4
7,1239,2
7,1237,2
7,1235,4
7,1221,4
7,1216,4
7,1215,3
7,1211,3
7,1203,3
7,1202,2
7,1174,2
7,1171,3
7,1139,4
7,1123,4
7,1092,4
7,1073,2
7,1070,3
7,1052,3
7,1041,3
7,1031,3
7,1027,2
7,1017,1
7,982,1
7,975,2
7,974,3
7,969,2
7,956,1
7,951,3
7,932,2
7,907,1
7,903,3
7,900,1
7,896,3
7,893,3
7,890,3
7,885,3
7,884,3
7,883,5
7,871,4
7,869,2
7,863,4
7,841,1
7,834,4
7,828,3
7,820,4
7,819,4
7,818,2
7,817,2
7,814,3
7,811,3
7,809,4
7,807,1
7,806,2
7,801,4
7,800,1
7,799,3
7,791,2
7,789,2
7,786,4
7,785,4
7,784,1
7,782,4
7,781,5
7,776,1
7,775,3
7,772,1
7,771,2
7,770,4
7,768,2
7,763,4
7,757,4
7,756,4
7,755,4
7,752,3
7,750,4
7,748,5
7,741,3
7,740,1
7,737,5
7,733,3
7,731,2
7,728,3
7,716,2
7,710,3
7,705,4
7,701,3
7,698,4
7,697,3
7,696,3
7,695,5
7,693,4
7,690,2
7,688,3
7,684,3
7,678,4
7,674,1
7,673,1
7,669,2
7,668,2
7,667,3
7,661,4
7,656,4
7,647,5
7,639,2
7,634,5
7,630,2
7,626,4
7,622,4
7,621,5
7,619,3
7,616,4
7,596,1
7,588,2
7,585,4
7,582,1
7,574,2
7,540,2
7,538,4
7,537,2
7,535,4
7,534,2
7,533,3
7,530,4
7,526,2
7,525,3
7,522,4
7,521,4
7,519,3
7,513,3
7,512,2
7,510,3
7,509,2
7,507,3
7,500,3
7,487,2
7,483,5
7,482,3
7,480,3
7,478,3
7,475,2
7,474,4
7,473,4
7,469,4
7,467,4
7,466,4
7,464,4
7,463,4
7,459,3
7,448,4
7,447,4
7,437,4
7,429,4
7,428,2
7,413,3
7,410,3
7,406,5
7,405,5
7,404,4
7,400,3
7,396,4
7,395,5
7,394,4
7,390,5
7,386,5
7,377,5
7,376,4
7,375,4
7,371,3
7,370,1
7,351,1
7,350,3
7,349,1
7,343,3
7,339,3
7,336,4
7,335,5
7,334,4
7,332,1
7,331,2
7,330,2
7,327,5
7,326,5
7,320,2
7,319,3
7,314,5
7,313,5
7,310,5
7,305,3
7,298,4
7,292,2
7,289,2
7,282,2
7,275,3
7,270,3
7,265,2
7,264,5
7,262,3
7,261,3
7,260,1
7,259,2
7,232,4
7,231,3
7,230,5
7,229,1
7,228,4
7,218,2
7,204,4
7,203,2
7,201,3
7,186,1
7,181,2
7,178,3
7,169,4
7,164,2
7,152,2
7,143,2
7,137,3
7,133,3
7,123,2
7,119,3
7,112,2
7,107,2
7,100,3
7,93,1
7,88,5
7,87,3
7,84,4
7,83,2
7,79,3
7,65,4
7,61,3
7,54,2
7,49,1
7,48,4
7,47,4
7,46,1
7,45,5
7,42,4
7,41,4
7,40,3
7,39,4
7,38,3
7,36,4
7,35,5
7,33,3
7,32,4
7,31,3
7,30,2
7,29,3
7,28,4
7,27,3
7,25,3
7,24,4
7,23,3
7,22,3
7,21,3
7,20,3
7,19,4
7,18,4
7,17,3
7,15,4
7,12,4
7,10,2
7,9,3
7,4,2
8,3174,3
8,3141,4
8,2991,3
8,2850,4
8,2792,4
8,2734,5
8,2723,3
8,2623,4
8,2610,3
8,2565,4
8,2559,4
8,2462,4
8,2424,2
8,2357,5
8,2338,3
8,2256,4
8,2250,4
8,2143,5
8,2137,5
8,2118,3
8,2074,4
8,2073,3
8,2068,5
8,2056,3
8,2025,4
8,2020,3
8,2019,3
8,1995,4
8,1970,3
8,1969,5
8,1966,3
8,1951,4
8,1944,5
8,1921,5
8,1919,5
8,1916,4
8,1915,5
8,1907,5
8,1904,5
8,1898,3
8,1896,2
8,1871,4
8,1846,2
8,1840,4
8,1829,4
8,1811,3
8,1797,4
8,1796,4
8,1779,3
8,1777,3
8,1772,4
8,1761,2
8,1758,4
8,1757,3
8,1747,4
8,1745,4
8,1741,3
8,1737,4
8,1725,1
8,1720,4
8,1719,4
8,1711,4
8,1710,3
8,1702,4
8,1694,2
8,1692,3
8,1684,3
8,1656,4
8,1655,5
8,1645,4
8,1644,2
8,1642,3
8,1634,1
8,1623,3
8,1606,3
8,1586,5
8,1564,3
8,1517,4
8,1516,4
8,1514,4
8,1496,4
8,1485,5
8,1480,4
8,1479,4
8,1475,4
8,1474,5
8,1466,4
8,1440,4
8,1435,4
8,1432,5
8,1423,2
8,1421,4
8,1402,4
8,1401,5
8,1395,4
8,1390,4
8,1382,4
8,1381,4
8,1380,4
8,1371,5
8,1369,4
8,1368,3
8,1367,4
8,1366,4
8,1357,4
8,1345,4
8,1332,4
8,1319,4
8,1311,5
8,1306,5
8,1304,4
8,1301,5
8,1295,3
8,1293,2
8,1291,4
8,1272,5
8,1271,5
8,1249,2
8,1241,5
8,1236,3
8,1227,4
8,1221,4
8,1213,3
8,1203,3
8,1191,1
8,1190,5
8,1189,4
8,1177,3
8,1175,3
8,1165,4
8,1163,5
8,1159,3
8,1157,3
8,1156,4
8,1153,4
8,1152,3
8,1148,1
8,1143,4
8,1140,5
8,1139,5
8,1138,4
8,1134,4
8,1128,4
8,1127,4
8,1126,5
8,1113,3
8,1105,3
8,1100,5
8,1098,3
8,1073,2
8,1041,3
8,1039,5
8,1038,5
8,1037,5
8,1035,5
8,1031,5
8,1025,4
8,1022,2
8,1013,4
8,1007,3
8,1004,4
8,996,5
8,990,3
8,988,4
8,987,4
8,984,5
8,982,4
8,980,2
8,962,4
8,957,5
8,954,5
8,952,4
8,951,4
8,949,2
8,948,2
8,947,4
8,929,3
8,926,3
8,922,3
8,917,3
8,914,3
8,910,5
8,897,1
8,892,2
8,885,4
8,883,4
8,882,3
8,877,5
8,869,5
8,863,3
8,854,1
8,845,5
8,839,5
8,838,4
8,836,4
8,835,4
8,834,5
8,833,5
8,832,4
8,829,4
8,828,3
8,826,4
8,825,4
8,824,5
8,823,4
8,820,4
8,819,5
8,818,3
8,817,4
8,814,4
8,808,5
8,806,3
8,798,2
8,784,4
8,783,5
8,782,4
8,781,5
8,780,4
8,778,4
8,776,5
8,775,5
8,772,3
8,771,2
8,769,4
8,768,5
8,761,4
8,758,4
8,757,4
8,756,5
8,755,5
8,754,5
8,752,5
8,751,2
8,742,4
8,741,4
8,740,4
8,737,5
8,736,4
8,734,4
8,733,4
8,732,4
8,731,4
8,730,5
8,725,3
8,715,5
8,712,4
8,707,3
8,703,4
8,702,4
8,700,3
8,699,4
8,697,4
8,689,2
8,682,4
8,675,4
8,674,3
8,672,4
8,669,4
8,668,4
8,662,4
8,661,5
8,647,5
8,646,4
8,639,3
8,637,5
8,630,4
8,626,5
8,622,4
8,621,3
8,617,5
8,616,5
8,615,4
8,614,3
8,613,3
8,612,5
8,611,4
8,609,4
8,602,3
8,600,2
8,595,3
8,593,3
8,591,3
8,589,3
8,588,3
8,587,3
8,570,4
8,546,4
8,538,4
8,536,4
8,535,3
8,534,4
8,533,5
8,531,4
8,527,5
8,525,4
8,520,4
8,518,5
8,517,4
8,506,5
8,502,4
8,500,5
8,495,4
8,494,4
8,490,5
8,483,5
8,478,4
8,477,4
8,476,5
8,475,5
8,474,5
8,473,5
8,470,4
8,469,4
8,468,5
8,467,3
8,465,4
8,464,4
8,463,3
8,462,4
8,457,5
8,454,5
8,448,4
8,447,4
8,436,5
8,435,4
8,433,4
8,429,5
8,428,4
8,422,3
8,416,2
8,410,4
8,408,5
8,407,5
8,406,4
8,405,5
8,404,4
8,396,5
8,395,5
8,394,3
8,392,4
8,391,4
8,385,5
8,384,4
8,383,4
8,381,4
8,378,4
8,377,5
8,376,5
8,375,5
8,369,2
8,359,3
8,357,5
8,355,5
8,351,4
8,349,3
8,347,3
8,340,4
8,339,4
8,337,4
8,336,5
8,335,5
8,332,3
8,327,4
8,326,5
8,325,4
8,321,3
8,314,4
8,313,5
8,310,4
8,308,5
8,307,5
8,305,5
8,298,5
8,291,1
8,289,4
8,287,4
8,285,4
8,282,3
8,281,4
8,274,5
8,273,3
8,271,3
8,270,3
8,269,4
8,267,4
8,263,5
8,261,3
8,259,5
8,257,3
8,254,4
8,232,5
8,230,4
8,228,4
8,218,3
8,208,4
8,204,4
8,203,3
8,201,4
8,191,4
8,187,3
8,176,4
8,174,2
8,169,5
8,154,5
8,140,4
8,137,4
8,134,4
8,128,3
8,123,3
8,119,4
8,102,4
8,101,4
8,91,2
8,87,4
8,84,5
8,76,5
8,65,5
8,61,4
8,53,4
8,52,4
8,51,5
8,50,4
8,48,3
8,42,4
8,41,4
8,40,5
8,38,4
8,36,3
8,32,5
8,31,5
8,30,3
8,29,5
8,28,4
8,22,3
8,18,4
8,17,4
8,12,5
8,6,3
8,4,3
8,2,4
8,1,2
9,3225,3
9,3127,3
9,2852,4
9,2841,3
9,2734,3
9,2637,3
9,2632,5
9,2613,3
9,2553,1
9,2519,4
9,2509,1
9,2501,3
9,2480,2
9,2402,4
9,2371,2
9,2340,5
9,2284,1
9,2242,1
9,2229,4
9,2214,4
9,2202,1
9,2193,4
9,2154,5
9,2149,1
9,2147,3
9,2137,5
9,2105,2
9,2084,3
9,2067,4
9,2053,4
9,2041,2
9,2031,1
9,2019,5
9,2017,5
9,2014,4
9,1993,5
9,1987,3
9,1984,1
9,1983,3
9,1937,4
9,1932,3
9,1925,4
9,1899,4
9,1881,2
9,1875,2
9,1870,4
9,1840,5
9,1836,4
9,1834,3
9,1822,3
9,1818,3
9,1799,3
9,1797,5
9,1790,4
9,1786,2
9,1785,3
9,1784,4
9,1782,3
9,1770,3
9,1747,4
9,1736,4
9,1726,3
9,1725,3
9,1721,3
9,1719,3
9,1689,5
9,1677,3
9,1661,3
9,1660,2
9,1622,2
9,1620,3
9,1599,1
9,1598,1
9,1594,3
9,1591,2
9,1585,2
9,1560,3
9,1556,3
9,1553,3
9,1543,4
9,1534,4
9,1532,4
9,1526,3
9,1514,4
9,1513,2
9,1511,2
9,1500,3
9,1485,4
9,1483,4
9,1480,5
9,1479,4
9,1476,3
9,1473,4
9,1465,2
9,1455,3
9,1449,3
9,1442,4
9,1419,3
9,1411,3
9,1404,4
9,1403,1
9,1382,3
9,1375,3
9,1374,3
9,1372,4
9,1368,4
9,1366,5
9,1359,3
9,1350,4
9,1347,1
9,1343,4
9,1342,3
9,1324,1
9,1320,3
9,1316,3
9,1307,4
9,1304,2
9,1302,4
9,1299,3
9,1295,3
9,1291,3
9,1283,2
9,1280,3
9,1279,1
9,1243,5
9,1230,1
9,1227,4
9,1221,4
9,1220,5
9,1203,4
9,1202,4
9,1198,3
9,1197,2
9,1190,3
9,1173,3
9,1168,3
9,1165,2
9,1164,2
9,1163,3
9,1159,2
9,1157,3
9,1156,4
9,1152,1
9,1149,1
9,1148,1
9,1140,5
9,1139,3
9,1126,3
9,1105,2
9,1104,4
9,1103,4
9,1092,3
9,1089,2
9,1088,4
9,1086,1
9,1075,3
9,1073,2
9,1064,3
9,1063,2
9,1058,4
9,1056,2
9,1054,3
9,1043,3
9,1041,5
9,1036,2
9,1031,5
9,1027,5
9,1025,3
9,1022,4
9,1019,2
9,1017,4
9,1004,4
9,993,1
9,991,4
9,990,3
9,980,4
9,979,3
9,977,1
9,974,4
9,973,3
9,972,3
9,970,1
9,967,4
9,962,4
9,959,4
9,956,1
9,955,1
9,951,4
9,947,1
9,935,2
9,934,4
9,925,4
9,924,3
9,922,3
9,918,5
9,917,4
9,915,3
9,904,3
9,897,1
9,896,3
9,894,4
9,890,4
9,885,3
9,883,4
9,880,4
9,871,4
9,869,5
9,842,4
9,839,4
9,835,3
9,834,5
9,833,3
9,832,4
9,830,4
9,829,3
9,828,4
9,825,2
9,824,5
9,823,1
9,819,5
9,818,5
9,816,3
9,814,1
9,812,3
9,809,4
9,801,1
9,799,3
9,798,2
9,795,3
9,794,3
9,793,3
9,788,1
9,786,4
9,784,5
9,778,3
9,776,5
9,775,3
9,772,4
9,771,3
9,770,4
9,764,4
9,762,4
9,761,3
9,760,2
9,758,4
9,756,4
9,755,3
9,741,2
9,740,4
9,737,5
9,729,3
9,728,4
9,725,4
9,716,5
9,715,2
9,711,4
9,710,5
9,707,3
9,696,5
9,695,3
9,693,4
9,690,4
9,684,4
9,681,3
9,674,4
9,672,4
9,670,3
9,669,4
9,668,3
9,666,2
9,661,3
9,653,4
9,639,4
9,634,3
9,632,5
9,630,4
9,629,2
9,627,5
9,626,2
9,622,5
9,621,4
9,619,5
9,617,4
9,616,3
9,614,3
9,613,2
9,612,5
9,610,3
9,609,4
9,602,4
9,600,4
9,599,2
9,596,4
9,592,1
9,589,3
9,588,4
9,587,3
9,586,2
9,584,3
9,582,4
9,581,3
9,578,4
9,574,3
9,570,4
9,565,1
9,554,3
9,546,3
9,540,3
9,538,5
9,537,5
9,535,3
9,533,5
9,529,5
9,526,5
9,525,4
9,522,4
9,520,3
9,519,4
9,518,5
9,517,3
9,513,5
9,512,2
9,511,4
9,509,4
9,507,3
9,502,3
9,500,1
9,497,4
9,494,4
9,487,3
9,483,4
9,477,5
9,475,1
9,468,4
9,467,5
9,465,3
9,462,4
9,454,3
9,440,1
9,436,3
9,434,1
9,433,4
9,430,2
9,428,4
9,422,5
9,410,4
9,408,3
9,407,4
9,406,4
9,404,4
9,402,5
9,401,2
9,400,3
9,398,4
9,396,4
9,395,5
9,394,5
9,391,3
9,390,5
9,387,4
9,386,3
9,385,4
9,383,2
9,377,4
9,375,4
9,373,3
9,370,3
9,369,3
9,363,3
9,357,5
9,355,4
9,351,3
9,350,4
9,339,4
9,336,4
9,335,5
9,333,2
9,332,3
9,328,1
9,327,3
9,317,3
9,313,4
9,310,4
9,305,5
9,293,3
9,292,3
9,289,5
9,287,1
9,284,5
9,282,5
9,279,4
9,276,3
9,273,5
9,272,4
9,271,2
9,269,2
9,267,5
9,266,4
9,265,4
9,263,4
9,262,3
9,261,3
9,255,5
9,254,3
9,250,3
9,245,3
9,243,4
9,240,3
9,238,3
9,236,2
9,232,3
9,230,4
9,228,3
9,218,3
9,210,3
9,208,4
9,205,3
9,194,3
9,191,3
9,189,4
9,187,1
9,186,3
9,178,3
9,176,4
9,173,4
9,170,2
9,169,5
9,165,3
9,164,4
9,163,2
9,157,1
9,156,2
9,154,4
9,151,4
9,143,3
9,139,4
9,125,3
9,119,1
9,112,4
9,111,3
9,108,3
9,93,4
9,86,1
9,84,5
9,83,2
9,80,2
9,79,3
9,74,3
9,73,2
9,68,5
9,66,3
9,61,4
9,55,2
9,54,3
9,52,4
9,48,4
9,45,3
9,42,4
9,40,5
9,36,5
9,32,4
9,31,4
9,30,4
9,29,5
9,24,2
9,22,3
9,20,4
9,19,3
9,18,2
9,17,2
9,14,2
9,10,3
9,6,2
9,4,4
10,3386,3
10,3216,5
10,3207,4
10,3141,4
10,3115,4
10,3094,4
10,3055,4
10,3007,4
10,2991,4
10,2966,2
10,2924,4
10,2889,4
10,2877,3
10,2876,3
10,2875,3
10,2874,2
10,2873,3
10,2872,4
10,2871,3
10,2870,2
10,2869,3
10,2867,2
10,2862,2
10,2841,3
10,2840,3
10,2839,3
10,2838,3
10,2837,3
10,2836,2
10,2835,1
10,2834,4
10,2817,1
10,2800,3
10,2798,2
10,2797,2
10,2787,2
10,2776,3
10,2766,4
10,2760,3
10,2758,3
10,2756,2
10,2755,1
10,2754,2
10,2724,3
10,2723,4
10,2722,2
10,2706,2
10,2698,2
10,2692,4
10,2684,4
10,2683,4
10,2674,2
10,2667,4
10,2657,4
10,2653,1
10,2645,3
10,2637,3
10,2636,3
10,2621,3
10,2619,3
10,2610,4
10,2609,3
10,2608,4
10,2604,3
10,2582,5
10,2566,3
10,2565,4
10,2559,4
10,2558,3
10,2553,2
10,2552,3
10,2547,4
10,2541,2
10,2535,3
10,2534,3
10,2529,3
10,2523,3
10,2509,3
10,2507,4
10,2503,2
10,2502,3
10,2496,3
10,2492,1
10,2486,2
10,2485,3
10,2483,2
10,2481,3
10,2473,4
10,2468,3
10,2467,4
10,2462,4
10,2457,2
10,2452,2
10,2448,3
10,2444,4
10,2424,4
10,2418,3
10,2405,4
10,2404,1
10,2399,4
10,2386,3
10,2385,1
10,2383,4
10,2382,4
10,2373,3
10,2372,3
10,2357,5
10,2353,3
10,2351,4
10,2350,4
10,2349,3
10,2342,2
10,2338,4
10,2335,3
10,2323,3
10,2317,2
10,2316,2
10,2314,2
10,2313,3
10,2302,4
10,2300,2
10,2296,3
10,2291,4
10,2285,3
10,2272,4
10,2259,4
10,2256,4
10,2250,4
10,2244,5
10,2242,4
10,2238,3
10,2232,3
10,2218,4
10,2214,3
10,2212,4
10,2211,4
10,2199,2
10,2194,3
10,2183,3
10,2177,4
10,2173,3
10,2166,4
10,2147,3
10,2137,3
10,2134,4
10,2133,4
10,2123,3
10,2122,4
10,2118,4
10,2115,4
10,2114,3
10,2105,4
10,2103,2
10,2102,5
10,2101,2
10,2100,2
10,2099,3
10,2091,2
10,2089,4
10,2084,3
10,2079,4
10,2078,5
10,2075,3
10,2074,4
10,2073,5
10,2065,3
10,2063,2
10,2061,3
10,2042,4
10,2038,4
10,2037,4
10,2036,3
10,2035,3
10,2033,2
10,2031,1
10,2028,2
10,2021,3
10,2019,4
10,2017,3
10,2014,4
10,2010,3
10,2007,3
10,2002,3
10,2001,4
10,1999,3
10,1994,4
10,1991,2
10,1990,2
10,1987,3
10,1983,4
10,1982,1
10,1970,5
10,1969,5
10,1955,4
10,1953,4
10,1952,4
10,1949,5
10,1945,3
10,1944,4
10,1937,4
10,1928,5
10,1927,4
10,1926,4
10,1925,4
10,1922,4
10,1921,5
10,1920,4
10,1919,5
10,1918,4
10,1900,5
10,1895,5
10,1891,2
10,1883,5
10,1879,2
10,1878,4
10,1874,4
10,1871,5
10,1870,5
10,1868,4
10,1859,5
10,1857,4
10,1856,4
10,1851,3
10,1849,3
10,1845,4
10,1842,4
10,1841,4
10,1840,4
10,1836,4
10,1835,4
10,1834,4
10,1833,4
10,1832,2
10,1827,4
10,1824,3
10,1819,1
10,1818,3
10,1811,3
10,1809,5
10,1807,5
10,1804,4
10,1802,4
10,1798,3
10,1797,4
10,1793,4
10,1792,5
10,1790,3
10,1785,3
10,1783,4
10,1782,4
10,1779,4
10,1776,5
10,1775,2
10,1772,4
10,1769,4
10,1761,1
10,1758,4
10,1755,5
10,1754,3
10,1753,4
10,1751,4
10,1747,5
10,1741,2
10,1739,3
10,1727,3
10,1726,3
10,1725,3
10,1723,4
10,1720,3
10,1719,4
10,1715,3
10,1714,3
10,1712,5
10,1711,5
10,1710,5
10,1704,5
10,1703,3
10,1702,5
10,1699,4
10,1696,5
10,1694,5
10,1692,2
10,1689,4
10,1687,3
10,1686,4
10,1684,4
10,1677,4
10,1674,4
10,1669,4
10,1661,3
10,1660,3
10,1659,2
10,1658,5
10,1657,5
10,1656,4
10,1654,4
10,1653,4
10,1644,5
10,1643,4
10,1642,3
10,1641,2
10,1640,4
10,1639,4
10,1638,2
10,1635,2
10,1634,2
10,1633,5
10,1632,4
10,1625,3
10,1624,3
10,1620,4
10,1619,4
10,1615,2
10,1614,2
10,1607,5
10,1606,2
10,1605,4
10,1602,3
10,1599,3
10,1595,2
10,1594,4
10,1593,4
10,1591,5
10,1588,2
10,1583,4
10,1581,3
10,1579,2
10,1578,3
10,1573,2
10,1569,2
10,1565,5
10,1564,4
10,1562,2
10,1560,3
10,1557,4
10,1556,5
10,1552,3
10,1545,1
10,1533,3
10,1532,2
10,1530,5
10,1529,3
10,1526,5
10,1525,3
10,1516,4
10,1514,4
10,1513,4
10,1511,4
10,1507,4
10,1506,3
10,1495,4
10,1485,5
10,1483,3
10,1481,3
10,1480,5
10,1479,5
10,1477,4
10,1476,5
10,1475,5
10,1474,4
10,1473,5
10,1470,5
10,1467,2
10,1466,4
10,1465,4
10,1464,5
10,1461,4
10,1459,4
10,1458,4
10,1457,4
10,1455,5
10,1453,3
10,1449,4
10,1448,4
10,1446,4
10,1440,5
10,1439,4
10,1436,4
10,1435,3
10,1432,4
10,1429,5
10,1428,5
10,1427,5
10,1426,3
10,1423,4
10,1421,4
10,1419,4
10,1414,5
10,1413,5
10,1411,5
10,1408,5
10,1406,4
10,1403,3
10,1401,4
10,1399,4
10,1397,5
10,1390,4
10,1384,3
10,1383,3
10,1382,5
10,1381,5
10,1380,4
10,1378,4
10,1377,4
10,1376,4
10,1375,4
10,1374,5
10,1373,5
10,1372,4
10,1371,5
10,1369,4
10,1368,4
10,1367,4
10,1366,5
10,1362,3
10,1361,3
10,1359,4
10,1353,4
10,1350,4
10,1349,4
10,1348,4
10,1347,4
10,1345,3
10,1344,3
10,1342,4
10,1341,3
10,1337,2
10,1333,3
10,1332,5
10,1331,3
10,1323,5
10,1319,4
10,1317,4
10,1316,5
10,1307,3
10,1304,4
10,1302,3
10,1301,4
10,1296,4
10,1295,5
10,1294,4
10,1293,4
10,1291,2
10,1289,2
10,1287,4
10,1284,3
10,1279,3
10,1278,5
10,1277,3
10,1271,5
10,1264,5
10,1249,4
10,1246,2
10,1245,3
10,1243,4
10,1241,5
10,1239,4
10,1237,5
10,1236,4
10,1235,5
10,1234,5
10,1231,2
10,1230,3
10,1229,3
10,1227,4
10,1226,4
10,1216,4
10,1214,4
10,1211,5
10,1206,2
10,1205,2
10,1204,2
10,1203,3
10,1202,4
10,1190,5
10,1184,4
10,1177,4
10,1176,4
10,1175,3
10,1174,3
10,1173,4
10,1172,4
10,1171,4
10,1169,4
10,1168,3
10,1165,4
10,1164,4
10,1163,5
10,1160,3
10,1159,5
10,1157,4
10,1156,4
10,1154,4
10,1153,4
10,1141,4
10,1140,4
10,1139,5
10,1134,5
10,1128,5
10,1123,5
10,1122,4
10,1121,3
10,1115,4
10,1105,3
10,1103,2
10,1095,2
10,1092,3
10,1085,4
10,1075,2
10,1073,4
10,1070,4
10,1069,5
10,1067,4
10,1064,4
10,1063,3
10,1061,3
10,1059,2
10,1056,3
10,1054,3
10,1043,3
10,1041,5
10,1038,4
10,1037,4
10,1035,4
10,1034,4
10,1032,4
10,1031,5
10,1030,5
10,1029,4
10,1027,4
10,1025,4
10,1022,3
10,1020,3
10,1013,5
10,1006,3
10,1004,4
10,996,5
10,995,4
10,991,3
10,990,3
10,989,1
10,988,5
10,987,5
10,984,4
10,983,3
10,982,2
10,980,4
10,976,4
10,974,4
10,973,4
10,972,3
10,971,3
10,970,3
10,969,5
10,967,4
10,966,4
10,965,3
10,963,3
10,962,5
10,959,3
10,957,5
10,956,3
10,954,4
10,951,4
10,949,3
10,947,3
10,945,4
10,944,3
10,941,3
10,940,5
10,939,4
10,937,4
10,936,4
10,935,4
10,934,5
10,932,5
10,929,4
10,928,3
10,926,2
10,925,3
10,924,4
10,923,4
10,922,4
10,918,3
10,917,4
10,914,4
10,907,3
10,906,5
10,904,4
10,900,3
10,898,4
10,896,3
10,894,5
10,893,4
10,892,3
10,890,3
10,887,2
10,885,3
10,884,3
10,883,4
10,879,3
10,875,2
10,873,4
10,871,5
10,866,4
10,863,4
10,862,3
10,860,4
10,854,1
10,849,5
10,847,4
10,845,4
10,842,3
10,840,3
10,839,4
10,835,4
10,834,4
10,832,5
10,830,4
10,829,3
10,824,4
10,820,5
10,819,4
10,818,4
10,816,5
10,814,3
10,812,5
10,811,4
10,809,3
10,808,3
10,807,4
10,804,3
10,803,4
10,802,4
10,801,4
10,799,4
10,795,4
10,794,3
10,793,3
10,791,3
10,788,4
10,786,4
10,785,4
10,784,4
10,783,5
10,782,5
10,781,5
10,780,3
10,778,4
10,776,4
10,775,4
10,774,4
10,772,3
10,771,5
10,770,4
10,769,4
10,768,4
10,764,4
10,763,5
10,762,4
10,761,2
10,760,4
10,757,5
10,756,5
10,755,5
10,754,5
10,753,3
10,752,4
10,751,3
10,750,4
10,748,4
10,745,4
10,744,4
10,742,4
10,741,1
10,740,4
10,737,5
10,736,4
10,734,5
10,732,3
10,731,4
10,730,4
10,729,5
10,728,4
10,726,4
10,725,3
10,724,3
10,721,5
10,717,4
10,716,4
10,715,5
10,712,4
10,711,5
10,710,5
10,707,4
10,705,4
10,703,4
10,702,4
10,701,4
10,700,4
10,699,5
10,698,4
10,697,5
10,696,4
10,693,3
10,692,5
10,690,4
10,688,5
10,686,4
10,685,3
10,684,3
10,681,4
10,678,4
10,675,4
10,674,3
10,673,4
10,672,5
10,670,3
10,669,4
10,668,5
10,664,4
10,662,5
10,661,4
10,653,3
10,647,5
10,646,4
10,645,4
10,644,4
10,643,4
10,639,4
10,637,4
10,634,5
10,632,4
10,630,4
10,627,4
10,626,4
10,624,5
10,622,5
10,621,5
10,619,5
10,617,5
10,616,5
10,614,5
10,612,5
10,611,4
10,609,4
10,608,1
10,604,5
10,602,4
10,601,4
10,600,5
10,599,4
10,596,3
10,593,3
10,592,3
10,590,3
10,589,4
10,588,4
10,587,3
10,586,4
10,582,3
10,581,4
10,578,3
10,576,3
10,575,4
10,574,3
10,573,3
10,571,4
10,570,4
10,564,3
10,561,3
10,559,3
10,556,2
10,554,4
10,552,4
10,550,4
10,548,4
10,539,5
10,537,4
10,535,5
10,531,4
10,530,5
10,529,4
10,528,4
10,527,5
10,526,4
10,525,5
10,522,3
10,520,4
10,519,4
10,518,5
10,517,3
10,513,4
10,510,5
10,509,3
10,507,4
10,505,4
10,504,3
10,503,4
10,502,5
10,500,5
10,499,4
10,495,4
10,494,4
10,491,5
10,490,4
10,487,4
10,485,5
10,484,4
10,483,4
10,482,3
10,481,4
10,479,5
10,478,4
10,477,4
10,476,5
10,475,4
10,474,5
10,473,5
10,471,4
10,470,5
10,469,5
10,468,5
10,467,5
10,466,4
10,465,4
10,464,4
10,462,4
10,459,4
10,457,4
10,454,4
10,448,4
10,447,5
10,445,4
10,444,1
10,442,4
10,441,3
10,440,4
10,439,1
10,438,3
10,435,4
10,432,3
10,429,5
10,423,4
10,422,4
10,421,4
10,418,4
10,416,3
10,414,4
10,412,4
10,411,2
10,410,3
10,408,5
10,407,4
10,406,5
10,404,4
10,402,4
10,401,5
10,400,5
10,398,4
10,396,5
10,395,4
10,394,4
10,392,4
10,390,4
10,388,4
10,387,3
10,386,2
10,385,4
10,384,3
10,382,4
10,380,2
10,379,4
10,377,5
10,376,5
10,375,5
10,374,5
10,373,4
10,371,5
10,369,2
10,364,4
10,363,3
10,362,3
10,357,3
10,355,4
10,354,3
10,353,5
10,352,4
10,351,4
10,350,3
10,349,4
10,348,4
10,347,5
10,343,3
10,342,5
10,339,4
10,336,4
10,335,5
10,333,3
10,332,4
10,327,5
10,326,5
10,325,5
10,324,4
10,321,3
10,319,4
10,314,4
10,313,5
10,312,5
10,311,5
10,310,5
10,307,5
10,305,4
10,302,5
10,300,3
10,298,5
10,293,4
10,292,3
10,289,5
10,287,4
10,286,5
10,285,4
10,284,5
10,283,4
10,282,5
10,281,5
10,279,4
10,278,4
10,277,3
10,276,4
10,275,4
10,274,5
10,273,4
10,271,4
10,270,5
10,269,4
10,267,5
10,266,4
10,265,3
10,264,4
10,263,4
10,262,5
10,261,4
10,260,4
10,259,4
10,255,4
10,254,4
10,252,4
10,250,4
10,245,5
10,243,4
10,240,3
10,238,2
10,236,3
10,235,3
10,234,3
10,232,3
10,231,3
10,229,4
10,228,4
10,224,1
10,222,3
10,218,4
10,217,1
10,211,5
10,210,4
10,209,3
10,208,4
10,206,3
10,205,3
10,203,4
10,202,3
10,201,4
10,197,3
10,191,4
10,189,5
10,187,3
10,186,3
10,182,4
10,181,4
10,178,5
10,176,4
10,174,4
10,173,4
10,169,5
10,168,3
10,161,4
10,156,2
10,154,4
10,153,3
10,152,3
10,151,5
10,144,4
10,143,2
10,137,4
10,128,4
10,127,4
10,126,2
10,123,4
10,119,3
10,118,4
10,112,4
10,111,4
10,108,4
10,107,3
10,102,3
10,101,5
10,98,4
10,96,1
10,93,4
10,88,3
10,87,4
10,84,5
10,83,3
10,82,3
10,80,3
10,79,4
10,76,4
10,75,5
10,74,4
10,72,5
10,68,4
10,67,4
10,66,3
10,65,5
10,61,3
10,57,5
10,55,3
10,53,4
10,52,4
10,51,3
10,49,3
10,48,4
10,47,5
10,46,4
10,45,4
10,42,4
10,40,5
10,38,4
10,36,5
10,35,5
10,33,4
10,32,4
10,31,4
10,29,5
10,28,4
10,27,3
10,25,4
10,24,4
10,23,4
10,22,5
10,20,5
10,19,3
10,18,4
10,17,4
10,15,5
10,14,5
10,12,5
10,10,4
10,8,3
10,6,3
10,4,5
10,2,3
10,1,5
11,2905,3
11,2780,4
11,2310,2
11,2242,4
11,2065,5
11,1743,3
11,1742,4
11,1741,3
11,1740,2
11,1739,4
11,1738,5
11,1737,5
11,1736,4
11,1735,5
11,1734,3
11,1733,2
11,1732,5
11,1731,3
11,1730,5
11,1729,4
11,1728,2
11,1727,2
11,1726,3
11,1725,4
11,1724,4
11,1723,4
11,1722,4
11,1721,3
11,1720,2
11,1719,3
11,1686,4
11,1633,4
11,1611,3
11,1573,2
11,1564,2
11,1560,1
11,1553,3
11,1551,2
11,1539,5
11,1517,4
11,1516,3
11,1514,4
11,1505,3
11,1498,3
11,1481,5
11,1446,4
11,1440,3
11,1416,2
11,1368,4
11,1347,2
11,1331,2
11,1329,3
11,1320,4
11,1316,4
11,1283,4
11,1254,2
11,1251,5
11,1244,3
11,1240,4
11,1226,3
11,1221,2
11,1211,3
11,1178,3
11,1156,4
11,1155,5
11,1139,4
11,1133,3
11,1126,5
11,1098,3
11,1093,3
11,1080,3
11,1056,5
11,1053,4
11,1037,4
11,1012,4
11,1007,3
11,991,2
11,985,3
11,956,2
11,955,3
11,930,4
11,922,3
11,918,2
11,883,4
11,847,2
11,842,1
11,833,4
11,819,4
11,818,1
11,814,3
11,800,3
11,798,3
11,794,4
11,792,3
11,786,3
11,781,3
11,769,4
11,748,2
11,747,3
11,742,3
11,741,5
11,740,3
11,739,4
11,737,3
11,732,3
11,715,5
11,696,5
11,690,5
11,673,3
11,672,3
11,662,5
11,660,5
11,639,5
11,627,2
11,612,5
11,599,3
11,596,2
11,595,2
11,592,2
11,587,5
11,569,2
11,562,3
11,554,2
11,539,4
11,538,4
11,529,4
11,522,4
11,514,3
11,512,3
11,506,4
11,502,5
11,494,3
11,488,4
11,477,5
11,475,3
11,462,3
11,454,4
11,423,4
11,422,3
11,418,3
11,410,5
11,399,3
11,398,4
11,396,4
11,395,4
11,391,2
11,389,5
11,384,3
11,369,2
11,365,2
11,362,3
11,361,2
11,359,4
11,357,3
11,335,4
11,333,1
11,316,3
11,310,5
11,288,4
11,287,3
11,272,5
11,271,1
11,253,3
11,210,3
11,205,4
11,154,3
11,144,5
11,131,4
11,128,5
11,107,3
11,104,5
11,82,5
11,57,4
11,56,5
11,51,4
11,40,5
11,36,4
11,30,5
11,24,4
11,23,4
11,19,4
11,18,3
11,17,3
11,6,3